################################################
# ITK-SnAP Label Description File
# File format: 
# IDX   -R-  -G-  -B-  -A--  VIS MSH  LABEL
# Fields: 
#    IDX:   Zero-based index 
#    -R-:   Red color component (0..255)
#    -G-:   Green color component (0..255)
#    -B-:   Blue color component (0..255)
#    -A-:   Label transparency (0.00 .. 1.00)
#    VIS:   Label visibility (0 or 1)
#    IDX:   Label mesh visibility (0 or 1)
#  LABEL:   Label description 
################################################
    0     0    0    0        0  0  0    "Clear Label"
    1     0    0  127        1  1  1    "Label 1"
    2   255    0    0        1  1  1    "root"
    3    85   85  127        1  1  1    "grey"
    4   255  170  255        1  1  1    "fiber tracts"
    5     0  255    0        1  1  1    "VS"
    6   255    0  255        1  1  1    "Label 6"
    7   255  239  213        1  1  1    "Label 7"
    9   205  133   63        1  1  1    "Label 9"
   10   210  180  140        1  1  1    "Label 10"
   12     0    0  128        1  1  1    "Label 12"
   15   255  228  225        1  1  1    "Label 15"
   17   221  160  221        1  1  1    "Label 17"
   19   165   42   42        1  1  1    "Label 19"
   20   255  250  250        1  1  1    "Label 20"
   23    75    0  130        1  1  1    "Label 23"
   26   255  235  205        1  1  1    "Label 26"
   27   255  228  196        1  1  1    "Label 27"
   28   218  165   32        1  1  1    "Label 28"
   30   188  143  143        1  1  1    "Label 30"
   33   222  184  135        1  1  1    "Label 33"
   35   139   69   19        1  1  1    "Label 35"
   36   124  252    0        1  1  1    "Label 36"
   38    70  130  180        1  1  1    "Label 38"
   41   238  232  170        1  1  1    "Label 41"
   42   240  255  240        1  1  1    "Label 42"
   50   248  248  255        1  1  1    "Label 50"
   52   255  160  122        1  1  1    "Label 52"
   54   173  255   47        1  1  1    "Label 54"
   56   255   99   71        1  1  1    "Label 56"
   58   128    0    0        1  1  1    "Label 58"
   59    50  205   50        1  1  1    "Label 59"
   62   123  104  238        1  1  1    "Label 62"
   63   255  165    0        1  1  1    "Label 63"
   64   173  216  230        1  1  1    "Label 64"
   66   127  255  212        1  1  1    "Label 66"
   67   255  140    0        1  1  1    "Label 67"
   68   143  188  143        1  1  1    "Label 68"
   72     0  206  209        1  1  1    "Label 72"
   74   128    0  128        1  1  1    "Label 74"
   75   255  250  205        1  1  1    "Label 75"
   78   178   34   34        1  1  1    "Label 78"
   81   100  149  237        1  1  1    "Label 81"
   83   250  235  215        1  1  1    "Label 83"
   84   255  245  238        1  1  1    "Label 84"
   88   139    0  139        1  1  1    "Label 88"
   91   255  228  181        1  1  1    "Label 91"
   93     0  191  255        1  1  1    "Label 93"
   96    47   79   79        1  1  1    "Label 96"
   97    72   61  139        1  1  1    "Label 97"
   98   175  238  238        1  1  1    "Label 98"
  100   176  224  230        1  1  1    "Label 100"
  101   255  240  245        1  1  1    "Label 101"
  102   139    0    0        1  1  1    "Label 102"
  105   216  191  216        1  1  1    "Label 105"
  106   119  136  153        1  1  1    "Label 106"
  108    72  209  204        1  1  1    "Label 108"
  113   240  248  255        1  1  1    "Label 113"
  114   230  230  250        1  1  1    "Label 114"
  115     0  250  154        1  1  1    "Label 115"
  117    64  224  208        1  1  1    "Label 117"
  118   153   50  204        1  1  1    "Label 118"
  120   250  250  210        1  1  1    "Label 120"
  121    95  158  160        1  1  1    "Label 121"
  122     0  128    0        1  1  1    "Label 122"
  123   255   69    0        1  1  1    "Label 123"
  125   176  196  222        1  1  1    "Label 125"
  126   138   43  226        1  1  1    "Label 126"
  128   240  128  128        1  1  1    "Label 128"
  129   152  251  152        1  1  1    "Label 129"
  131   255    0    0        1  1  1    "Label 131"
  132     0  255    0        1  1  1    "Label 132"
  133     0    0  255        1  1  1    "Label 133"
  136   255    0  255        1  1  1    "Label 136"
  139   205  133   63        1  1  1    "Label 139"
  140   210  180  140        1  1  1    "Label 140"
  143     0  139  139        1  1  1    "Label 143"
  145   255  228  225        1  1  1    "Label 145"
  146   106   90  205        1  1  1    "Label 146"
  147   221  160  221        1  1  1    "Label 147"
  148   233  150  122        1  1  1    "Label 148"
  149   165   42   42        1  1  1    "Label 149"
  153    75    0  130        1  1  1    "Label 153"
  155    60  179  113        1  1  1    "Label 155"
  156   255  235  205        1  1  1    "Label 156"
  158   218  165   32        1  1  1    "Label 158"
  159     0  128  128        1  1  1    "Label 159"
  162   255  218  185        1  1  1    "Label 162"
  163   222  184  135        1  1  1    "Label 163"
  164   127  255    0        1  1  1    "Label 164"
  169     0  100    0        1  1  1    "Label 169"
  171   238  232  170        1  1  1    "Label 171"
  173   245  222  179        1  1  1    "Label 173"
  177    25   25  112        1  1  1    "Label 177"
  178   112  128  144        1  1  1    "Label 178"
  180   248  248  255        1  1  1    "Label 180"
  181   245  255  250        1  1  1    "Label 181"
  186   255   99   71        1  1  1    "Label 186"
  187   250  240  230        1  1  1    "Label 187"
  188   128    0    0        1  1  1    "Label 188"
  189    50  205   50        1  1  1    "Label 189"
  190   244  164   96        1  1  1    "Label 190"
  194   173  216  230        1  1  1    "Label 194"
  196   127  255  212        1  1  1    "Label 196"
  197   255  140    0        1  1  1    "Label 197"
  198   143  188  143        1  1  1    "Label 198"
  201   255  250  240        1  1  1    "Label 201"
  202     0  206  209        1  1  1    "Label 202"
  203     0  255  127        1  1  1    "Label 203"
  204   128    0  128        1  1  1    "Label 204"
  206   250  128  114        1  1  1    "Label 206"
  207   148    0  211        1  1  1    "Label 207"
  209   255  127   80        1  1  1    "Label 209"
  210   135  206  235        1  1  1    "Label 210"
  211   100  149  237        1  1  1    "Label 211"
  214   255  245  238        1  1  1    "Label 214"
  215   107  142   35        1  1  1    "Label 215"
  217     0    0  139        1  1  1    "Label 217"
  218   139    0  139        1  1  1    "Label 218"
  222   255  222  173        1  1  1    "Label 222"
  223     0  191  255        1  1  1    "Label 223"
  225   255  248  220        1  1  1    "Label 225"
  226    47   79   79        1  1  1    "Label 226"
  229   128  128    0        1  1  1    "Label 229"
  230   176  224  230        1  1  1    "Label 230"
  231   255  240  245        1  1  1    "Label 231"
  233   240  255  255        1  1  1    "Label 233"
  234   255  215    0        1  1  1    "Label 234"
  237   219  112  147        1  1  1    "Label 237"
  238    72  209  204        1  1  1    "Label 238"
  243   240  248  255        1  1  1    "Label 243"
  246    85  107   47        1  1  1    "Label 246"
  249   205   92   92        1  1  1    "Label 249"
  250   250  250  210        1  1  1    "Label 250"
  251    95  158  160        1  1  1    "Label 251"
  252     0  128    0        1  1  1    "Label 252"
  255   176  196  222        1  1  1    "Label 255"
  257    30  144  255        1  1  1    "Label 257"
  258   240  128  128        1  1  1    "Label 258"
  260   160   82   45        1  1  1    "Label 260"
  262     0  255    0        1  1  1    "Label 262"
  263     0    0  255        1  1  1    "Label 263"
  266   255    0  255        1  1  1    "Label 266"
  268     0    0  205        1  1  1    "Label 268"
  269   205  133   63        1  1  1    "Label 269"
  271   102  205  170        1  1  1    "Label 271"
  272     0    0  128        1  1  1    "Label 272"
  274    46  139   87        1  1  1    "Label 274"
  279   165   42   42        1  1  1    "Label 279"
  280   255  250  250        1  1  1    "Label 280"
  281   147  112  219        1  1  1    "Label 281"
  286   255  235  205        1  1  1    "Label 286"
  287   255  228  196        1  1  1    "Label 287"
  288   218  165   32        1  1  1    "Label 288"
  289     0  128  128        1  1  1    "Label 289"
  292   255  218  185        1  1  1    "Label 292"
  296   124  252    0        1  1  1    "Label 296"
  298    70  130  180        1  1  1    "Label 298"
  301   238  232  170        1  1  1    "Label 301"
  303   245  222  179        1  1  1    "Label 303"
  304   184  134   11        1  1  1    "Label 304"
  305    32  178  170        1  1  1    "Label 305"
  307    25   25  112        1  1  1    "Label 307"
  310   248  248  255        1  1  1    "Label 310"
  311   245  255  250        1  1  1    "Label 311"
  313   144  238  144        1  1  1    "Label 313"
  314   173  255   47        1  1  1    "Label 314"
  318   128    0    0        1  1  1    "Label 318"
  320   244  164   96        1  1  1    "Label 320"
  321   255  255  240        1  1  1    "Label 321"
  325   255  192  203        1  1  1    "Label 325"
  326   127  255  212        1  1  1    "Label 326"
  327   255  140    0        1  1  1    "Label 327"
  328   143  188  143        1  1  1    "Label 328"
  330   253  245  230        1  1  1    "Label 330"
  332     0  206  209        1  1  1    "Label 332"
  333     0  255  127        1  1  1    "Label 333"
  334   128    0  128        1  1  1    "Label 334"
  335   255  250  205        1  1  1    "Label 335"
  336   250  128  114        1  1  1    "Label 336"
  338   178   34   34        1  1  1    "Label 338"
  342   240  230  140        1  1  1    "Label 342"
  344   255  245  238        1  1  1    "Label 344"
  347     0    0  139        1  1  1    "Label 347"
  349   245  245  220        1  1  1    "Label 349"
  350   186   85  211        1  1  1    "Label 350"
  351   255  228  181        1  1  1    "Label 351"
  354   210  105   30        1  1  1    "Label 354"
  355   255  248  220        1  1  1    "Label 355"
  356    47   79   79        1  1  1    "Label 356"
  358   175  238  238        1  1  1    "Label 358"
  362   139    0    0        1  1  1    "Label 362"
  363   240  255  255        1  1  1    "Label 363"
  364   255  215    0        1  1  1    "Label 364"
  366   119  136  153        1  1  1    "Label 366"
  368    72  209  204        1  1  1    "Label 368"
  372   189  183  107        1  1  1    "Label 372"
  374   230  230  250        1  1  1    "Label 374"
  377    64  224  208        1  1  1    "Label 377"
  380   250  250  210        1  1  1    "Label 380"
  381    95  158  160        1  1  1    "Label 381"
  382     0  128    0        1  1  1    "Label 382"
  390   160   82   45        1  1  1    "Label 390"
  393     0    0  255        1  1  1    "Label 393"
  397   255  239  213        1  1  1    "Label 397"
  401   102  205  170        1  1  1    "Label 401"
  403     0  139  139        1  1  1    "Label 403"
  412   218  112  214        1  1  1    "Label 412"
  413    75    0  130        1  1  1    "Label 413"
  414   255  182  193        1  1  1    "Label 414"
  421   255  105  180        1  1  1    "Label 421"
  422   255  218  185        1  1  1    "Label 422"
  423   222  184  135        1  1  1    "Label 423"
  427   255  255  224        1  1  1    "Label 427"
  428    70  130  180        1  1  1    "Label 428"
  429     0  100    0        1  1  1    "Label 429"
  430   238  130  238        1  1  1    "Label 430"
  433   245  222  179        1  1  1    "Label 433"
  434   184  134   11        1  1  1    "Label 434"
  436   255   20  147        1  1  1    "Label 436"
  437    25   25  112        1  1  1    "Label 437"
  440   248  248  255        1  1  1    "Label 440"
  441   245  255  250        1  1  1    "Label 441"
  442   255  160  122        1  1  1    "Label 442"
  443   144  238  144        1  1  1    "Label 443"
  445    65  105  225        1  1  1    "Label 445"
  448   128    0    0        1  1  1    "Label 448"
  449    50  205   50        1  1  1    "Label 449"
  450   244  164   96        1  1  1    "Label 450"
  451   255  255  240        1  1  1    "Label 451"
  452   123  104  238        1  1  1    "Label 452"
  456   127  255  212        1  1  1    "Label 456"
  460   253  245  230        1  1  1    "Label 460"
  461   255  250  240        1  1  1    "Label 461"
  463     0  255  127        1  1  1    "Label 463"
  466   250  128  114        1  1  1    "Label 466"
  469   255  127   80        1  1  1    "Label 469"
  470   135  206  235        1  1  1    "Label 470"
  477     0    0  139        1  1  1    "Label 477"
  478   139    0  139        1  1  1    "Label 478"
  482   255  222  173        1  1  1    "Label 482"
  483     0  191  255        1  1  1    "Label 483"
  484   210  105   30        1  1  1    "Label 484"
  488   175  238  238        1  1  1    "Label 488"
  501   154  205   50        1  1  1    "Label 501"
  502   189  183  107        1  1  1    "Label 502"
  506    85  107   47        1  1  1    "Label 506"
  507    64  224  208        1  1  1    "Label 507"
  510   250  250  210        1  1  1    "Label 510"
  512     0  128    0        1  1  1    "Label 512"
  515   176  196  222        1  1  1    "Label 515"
  520   160   82   45        1  1  1    "Label 520"
  523     0    0  255        1  1  1    "Label 523"
  525     0  255  255        1  1  1    "Label 525"
  526   255    0  255        1  1  1    "Label 526"
  527   255  239  213        1  1  1    "Label 527"
  530   210  180  140        1  1  1    "Label 530"
  531   102  205  170        1  1  1    "Label 531"
  534    46  139   87        1  1  1    "Label 534"
  538   233  150  122        1  1  1    "Label 538"
  540   255  250  250        1  1  1    "Label 540"
  542   218  112  214        1  1  1    "Label 542"
  543    75    0  130        1  1  1    "Label 543"
  544   255  182  193        1  1  1    "Label 544"
  549     0  128  128        1  1  1    "Label 549"
  551   255  105  180        1  1  1    "Label 551"
  553   222  184  135        1  1  1    "Label 553"
  556   124  252    0        1  1  1    "Label 556"
  558    70  130  180        1  1  1    "Label 558"
  559     0  100    0        1  1  1    "Label 559"
  564   184  134   11        1  1  1    "Label 564"
  565    32  178  170        1  1  1    "Label 565"
  566   255   20  147        1  1  1    "Label 566"
  573   144  238  144        1  1  1    "Label 573"
  574   173  255   47        1  1  1    "Label 574"
  575    65  105  225        1  1  1    "Label 575"
  576   255   99   71        1  1  1    "Label 576"
  577   250  240  230        1  1  1    "Label 577"
  579    50  205   50        1  1  1    "Label 579"
  580   244  164   96        1  1  1    "Label 580"
  581   255  255  240        1  1  1    "Label 581"
  582   123  104  238        1  1  1    "Label 582"
  583   255  165    0        1  1  1    "Label 583"
  587   255  140    0        1  1  1    "Label 587"
  588   143  188  143        1  1  1    "Label 588"
  590   253  245  230        1  1  1    "Label 590"
  591   255  250  240        1  1  1    "Label 591"
  593     0  255  127        1  1  1    "Label 593"
  595   255  250  205        1  1  1    "Label 595"
  596   250  128  114        1  1  1    "Label 596"
  597   148    0  211        1  1  1    "Label 597"
  598   178   34   34        1  1  1    "Label 598"
  599   255  127   80        1  1  1    "Label 599"
  600   135  206  235        1  1  1    "Label 600"
  601   100  149  237        1  1  1    "Label 601"
  603   250  235  215        1  1  1    "Label 603"
  604   255  245  238        1  1  1    "Label 604"
  605   107  142   35        1  1  1    "Label 605"
  608   139    0  139        1  1  1    "Label 608"
  609   245  245  220        1  1  1    "Label 609"
  610   186   85  211        1  1  1    "Label 610"
  611   255  228  181        1  1  1    "Label 611"
  612   255  222  173        1  1  1    "Label 612"
  613     0  191  255        1  1  1    "Label 613"
  614   210  105   30        1  1  1    "Label 614"
  616    47   79   79        1  1  1    "Label 616"
  620   176  224  230        1  1  1    "Label 620"
  621   255  240  245        1  1  1    "Label 621"
  622   139    0    0        1  1  1    "Label 622"
  625   216  191  216        1  1  1    "Label 625"
  628    72  209  204        1  1  1    "Label 628"
  629   255    0  255        1  1  1    "Label 629"
  630   199   21  133        1  1  1    "Label 630"
  632   189  183  107        1  1  1    "Label 632"
  633   240  248  255        1  1  1    "Label 633"
  634   230  230  250        1  1  1    "Label 634"
  638   153   50  204        1  1  1    "Label 638"
  639   205   92   92        1  1  1    "Label 639"
  642     0  128    0        1  1  1    "Label 642"
  643   255   69    0        1  1  1    "Label 643"
  648   240  128  128        1  1  1    "Label 648"
  649   152  251  152        1  1  1    "Label 649"
  651   255    0    0        1  1  1    "Label 651"
  653     0    0  255        1  1  1    "Label 653"
  654   255  255    0        1  1  1    "Label 654"
  655     0  255  255        1  1  1    "Label 655"
  656   255    0  255        1  1  1    "Label 656"
  657   255  239  213        1  1  1    "Label 657"
  658     0    0  205        1  1  1    "Label 658"
  661   102  205  170        1  1  1    "Label 661"
  662     0    0  128        1  1  1    "Label 662"
  663     0  139  139        1  1  1    "Label 663"
  664    46  139   87        1  1  1    "Label 664"
  665   255  228  225        1  1  1    "Label 665"
  667   221  160  221        1  1  1    "Label 667"
  670   255  250  250        1  1  1    "Label 670"
  671   147  112  219        1  1  1    "Label 671"
  672   218  112  214        1  1  1    "Label 672"
  673    75    0  130        1  1  1    "Label 673"
  675    60  179  113        1  1  1    "Label 675"
  678   218  165   32        1  1  1    "Label 678"
  679     0  128  128        1  1  1    "Label 679"
  680   188  143  143        1  1  1    "Label 680"
  681   255  105  180        1  1  1    "Label 681"
  685   139   69   19        1  1  1    "Label 685"
  687   255  255  224        1  1  1    "Label 687"
  689     0  100    0        1  1  1    "Label 689"
  690   238  130  238        1  1  1    "Label 690"
  692   240  255  240        1  1  1    "Label 692"
  693   245  222  179        1  1  1    "Label 693"
  694   184  134   11        1  1  1    "Label 694"
  696   255   20  147        1  1  1    "Label 696"
  697    25   25  112        1  1  1    "Label 697"
  698   112  128  144        1  1  1    "Label 698"
  699    34  139   34        1  1  1    "Label 699"
  702   255  160  122        1  1  1    "Label 702"
  703   144  238  144        1  1  1    "Label 703"
  704   173  255   47        1  1  1    "Label 704"
  706   255   99   71        1  1  1    "Label 706"
  707   250  240  230        1  1  1    "Label 707"
  711   255  255  240        1  1  1    "Label 711"
  718   143  188  143        1  1  1    "Label 718"
  721   255  250  240        1  1  1    "Label 721"
  725   255  250  205        1  1  1    "Label 725"
  727   148    0  211        1  1  1    "Label 727"
  728   178   34   34        1  1  1    "Label 728"
  729   255  127   80        1  1  1    "Label 729"
  732   240  230  140        1  1  1    "Label 732"
  733   250  235  215        1  1  1    "Label 733"
  735   107  142   35        1  1  1    "Label 735"
  741   255  228  181        1  1  1    "Label 741"
  743     0  191  255        1  1  1    "Label 743"
  744   210  105   30        1  1  1    "Label 744"
  749   128  128    0        1  1  1    "Label 749"
  750   176  224  230        1  1  1    "Label 750"
  753   240  255  255        1  1  1    "Label 753"
  754   255  215    0        1  1  1    "Label 754"
  755   216  191  216        1  1  1    "Label 755"
  757   219  112  147        1  1  1    "Label 757"
  759   255    0  255        1  1  1    "Label 759"
  763   240  248  255        1  1  1    "Label 763"
  765     0  250  154        1  1  1    "Label 765"
  767    64  224  208        1  1  1    "Label 767"
  771    95  158  160        1  1  1    "Label 771"
  772     0  128    0        1  1  1    "Label 772"
  773   255   69    0        1  1  1    "Label 773"
  774   224  255  255        1  1  1    "Label 774"
  778   240  128  128        1  1  1    "Label 778"
  780   160   82   45        1  1  1    "Label 780"
  781   255    0    0        1  1  1    "Label 781"
  783     0    0  255        1  1  1    "Label 783"
  784   255  255    0        1  1  1    "Label 784"
  786   255    0  255        1  1  1    "Label 786"
  788     0    0  205        1  1  1    "Label 788"
  791   102  205  170        1  1  1    "Label 791"
  794    46  139   87        1  1  1    "Label 794"
  795   255  228  225        1  1  1    "Label 795"
  797   221  160  221        1  1  1    "Label 797"
  798   233  150  122        1  1  1    "Label 798"
  800   255  250  250        1  1  1    "Label 800"
  802   218  112  214        1  1  1    "Label 802"
  803    75    0  130        1  1  1    "Label 803"
  804   255  182  193        1  1  1    "Label 804"
  805    60  179  113        1  1  1    "Label 805"
  806   255  235  205        1  1  1    "Label 806"
  810   188  143  143        1  1  1    "Label 810"
  811   255  105  180        1  1  1    "Label 811"
  812   255  218  185        1  1  1    "Label 812"
  814   127  255    0        1  1  1    "Label 814"
  816   124  252    0        1  1  1    "Label 816"
  819     0  100    0        1  1  1    "Label 819"
  820   238  130  238        1  1  1    "Label 820"
  821   238  232  170        1  1  1    "Label 821"
  827    25   25  112        1  1  1    "Label 827"
  828   112  128  144        1  1  1    "Label 828"
  830   248  248  255        1  1  1    "Label 830"
  831   245  255  250        1  1  1    "Label 831"
  832   255  160  122        1  1  1    "Label 832"
  834   173  255   47        1  1  1    "Label 834"
  836   255   99   71        1  1  1    "Label 836"
  838   128    0    0        1  1  1    "Label 838"
  839    50  205   50        1  1  1    "Label 839"
  841   255  255  240        1  1  1    "Label 841"
  842   123  104  238        1  1  1    "Label 842"
  843   255  165    0        1  1  1    "Label 843"
  844   173  216  230        1  1  1    "Label 844"
  846   127  255  212        1  1  1    "Label 846"
  847   255  140    0        1  1  1    "Label 847"
  848   143  188  143        1  1  1    "Label 848"
  849   220   20   60        1  1  1    "Label 849"
  850   253  245  230        1  1  1    "Label 850"
  851   255  250  240        1  1  1    "Label 851"
  852     0  206  209        1  1  1    "Label 852"
  854   128    0  128        1  1  1    "Label 854"
  857   148    0  211        1  1  1    "Label 857"
  859   255  127   80        1  1  1    "Label 859"
  862   240  230  140        1  1  1    "Label 862"
  863   250  235  215        1  1  1    "Label 863"
  866   135  206  250        1  1  1    "Label 866"
  867     0    0  139        1  1  1    "Label 867"
  869   245  245  220        1  1  1    "Label 869"
  872   255  222  173        1  1  1    "Label 872"
  873     0  191  255        1  1  1    "Label 873"
  874   210  105   30        1  1  1    "Label 874"
  878   175  238  238        1  1  1    "Label 878"
  880   176  224  230        1  1  1    "Label 880"
  882   139    0    0        1  1  1    "Label 882"
  884   255  215    0        1  1  1    "Label 884"
  888    72  209  204        1  1  1    "Label 888"
  889   255    0  255        1  1  1    "Label 889"
  893   240  248  255        1  1  1    "Label 893"
  897    64  224  208        1  1  1    "Label 897"
  898   153   50  204        1  1  1    "Label 898"
  900   250  250  210        1  1  1    "Label 900"
  902     0  128    0        1  1  1    "Label 902"
  903   255   69    0        1  1  1    "Label 903"
  905   176  196  222        1  1  1    "Label 905"
  906   138   43  226        1  1  1    "Label 906"
  907    30  144  255        1  1  1    "Label 907"
  908   240  128  128        1  1  1    "Label 908"
  910   160   82   45        1  1  1    "Label 910"
  911   255    0    0        1  1  1    "Label 911"
  912     0  255    0        1  1  1    "Label 912"
  914   255  255    0        1  1  1    "Label 914"
  916   255    0  255        1  1  1    "Label 916"
  919   205  133   63        1  1  1    "Label 919"
  924    46  139   87        1  1  1    "Label 924"
  927   221  160  221        1  1  1    "Label 927"
  929   165   42   42        1  1  1    "Label 929"
  930   255  250  250        1  1  1    "Label 930"
  931   147  112  219        1  1  1    "Label 931"
  935    60  179  113        1  1  1    "Label 935"
  936   255  235  205        1  1  1    "Label 936"
  939     0  128  128        1  1  1    "Label 939"
  940   188  143  143        1  1  1    "Label 940"
  943   222  184  135        1  1  1    "Label 943"
  944   127  255    0        1  1  1    "Label 944"
  945   139   69   19        1  1  1    "Label 945"
  946   124  252    0        1  1  1    "Label 946"
  949     0  100    0        1  1  1    "Label 949"
  950   238  130  238        1  1  1    "Label 950"
  951   238  232  170        1  1  1    "Label 951"
  952   240  255  240        1  1  1    "Label 952"
  954   184  134   11        1  1  1    "Label 954"
  955    32  178  170        1  1  1    "Label 955"
  956   255   20  147        1  1  1    "Label 956"
  957    25   25  112        1  1  1    "Label 957"
  959    34  139   34        1  1  1    "Label 959"
  961   245  255  250        1  1  1    "Label 961"
  962   255  160  122        1  1  1    "Label 962"
  963   144  238  144        1  1  1    "Label 963"
  964   173  255   47        1  1  1    "Label 964"
  965    65  105  225        1  1  1    "Label 965"
  966   255   99   71        1  1  1    "Label 966"
  968   128    0    0        1  1  1    "Label 968"
  969    50  205   50        1  1  1    "Label 969"
  970   244  164   96        1  1  1    "Label 970"
  971   255  255  240        1  1  1    "Label 971"
  973   255  165    0        1  1  1    "Label 973"
  974   173  216  230        1  1  1    "Label 974"
  975   255  192  203        1  1  1    "Label 975"
  976   127  255  212        1  1  1    "Label 976"
  977   255  140    0        1  1  1    "Label 977"
  978   143  188  143        1  1  1    "Label 978"
  980   253  245  230        1  1  1    "Label 980"
  981   255  250  240        1  1  1    "Label 981"
  982     0  206  209        1  1  1    "Label 982"
  984   128    0  128        1  1  1    "Label 984"
  986   250  128  114        1  1  1    "Label 986"
  988   178   34   34        1  1  1    "Label 988"
  989   255  127   80        1  1  1    "Label 989"
  990   135  206  235        1  1  1    "Label 990"
  996   135  206  250        1  1  1    "Label 996"
  997     0    0  139        1  1  1    "Label 997"
  998   139    0  139        1  1  1    "Label 998"
  1004   210  105   30        1  1  1    "Label 1004"
  1005   255  248  220        1  1  1    "Label 1005"
  1006    47   79   79        1  1  1    "Label 1006"
  1007    72   61  139        1  1  1    "Label 1007"
  1009   128  128    0        1  1  1    "Label 1009"
  1010   176  224  230        1  1  1    "Label 1010"
  1015   216  191  216        1  1  1    "Label 1015"
  1016   119  136  153        1  1  1    "Label 1016"
  1020   199   21  133        1  1  1    "Label 1020"
  1021   154  205   50        1  1  1    "Label 1021"
  1022   189  183  107        1  1  1    "Label 1022"
  1023   240  248  255        1  1  1    "Label 1023"
  1025     0  250  154        1  1  1    "Label 1025"
  1026    85  107   47        1  1  1    "Label 1026"
  1029   205   92   92        1  1  1    "Label 1029"
  1030   250  250  210        1  1  1    "Label 1030"
  1031    95  158  160        1  1  1    "Label 1031"
  1033   255   69    0        1  1  1    "Label 1033"
  1035   176  196  222        1  1  1    "Label 1035"
  1037    30  144  255        1  1  1    "Label 1037"
  1038   240  128  128        1  1  1    "Label 1038"
  1039   152  251  152        1  1  1    "Label 1039"
  1041   255    0    0        1  1  1    "Label 1041"
  1043     0    0  255        1  1  1    "Label 1043"
  1044   255  255    0        1  1  1    "Label 1044"
  1045     0  255  255        1  1  1    "Label 1045"
  1046   255    0  255        1  1  1    "Label 1046"
  1047   255  239  213        1  1  1    "Label 1047"
  1048     0    0  205        1  1  1    "Label 1048"
  1049   205  133   63        1  1  1    "Label 1049"
  1051   102  205  170        1  1  1    "Label 1051"
  1052     0    0  128        1  1  1    "Label 1052"
  1054    46  139   87        1  1  1    "Label 1054"
  1056   106   90  205        1  1  1    "Label 1056"
  1058   233  150  122        1  1  1    "Label 1058"
  1060   255  250  250        1  1  1    "Label 1060"
  1061   147  112  219        1  1  1    "Label 1061"
  1062   218  112  214        1  1  1    "Label 1062"
  1064   255  182  193        1  1  1    "Label 1064"
  1066   255  235  205        1  1  1    "Label 1066"
  1069     0  128  128        1  1  1    "Label 1069"
  1070   188  143  143        1  1  1    "Label 1070"
  1072   255  218  185        1  1  1    "Label 1072"
  1074   127  255    0        1  1  1    "Label 1074"
  1077   255  255  224        1  1  1    "Label 1077"
  1079     0  100    0        1  1  1    "Label 1079"
  1081   238  232  170        1  1  1    "Label 1081"
  1084   184  134   11        1  1  1    "Label 1084"
  1085    32  178  170        1  1  1    "Label 1085"
  1086   255   20  147        1  1  1    "Label 1086"
  1088   112  128  144        1  1  1    "Label 1088"
  1089    34  139   34        1  1  1    "Label 1089"
  1090   248  248  255        1  1  1    "Label 1090"
  1091   245  255  250        1  1  1    "Label 1091"
  1092   255  160  122        1  1  1    "Label 1092"
  1093   144  238  144        1  1  1    "Label 1093"
  1094   173  255   47        1  1  1    "Label 1094"
  1096   255   99   71        1  1  1    "Label 1096"
  1097   250  240  230        1  1  1    "Label 1097"
  1098   128    0    0        1  1  1    "Label 1098"
  1101   255  255  240        1  1  1    "Label 1101"
  1102   123  104  238        1  1  1    "Label 1102"
  1104   173  216  230        1  1  1    "Label 1104"
  1105   255  192  203        1  1  1    "Label 1105"
  1106   127  255  212        1  1  1    "Label 1106"
  1107   255  140    0        1  1  1    "Label 1107"
  1108   143  188  143        1  1  1    "Label 1108"
  1109   220   20   60        1  1  1    "Label 1109"
  1111   255  250  240        1  1  1    "Label 1111"
  1113     0  255  127        1  1  1    "Label 1113"
  1114   128    0  128        1  1  1    "Label 1114"
  1116   250  128  114        1  1  1    "Label 1116"
  1120   135  206  235        1  1  1    "Label 1120"
  1121   100  149  237        1  1  1    "Label 1121"
  1123   250  235  215        1  1  1    "Label 1123"
  1125   107  142   35        1  1  1    "Label 1125"
  1126   135  206  250        1  1  1    "Label 1126"
  1127     0    0  139        1  1  1    "Label 1127"
  1128   139    0  139        1  1  1    "Label 1128"
  1139   128  128    0        1  1  1    "Label 1139"
  1227   250  240  230        1  1  1    "Label 1227"
  1231   255  255  240        1  1  1    "Label 1231"
  2648   112  128  144        1  1  1    "Label 2648"
  10671   102  205  170        1  1  1    "Label 10671"
  10703   245  222  179        1  1  1    "Label 10703"
  10704   184  134   11        1  1  1    "Label 10704"
  12127   255  255  224        1  1  1    "Label 12127"
  12131   238  232  170        1  1  1    "Label 12131"
  12135    32  178  170        1  1  1    "Label 12135"
  12259     0  100    0        1  1  1    "Label 12259"
  12264   184  134   11        1  1  1    "Label 12264"
  14131   255  228  181        1  1  1    "Label 14131"
  14139   128  128    0        1  1  1    "Label 14139"
  14143   240  255  255        1  1  1    "Label 14143"
  14147   219  112  147        1  1  1    "Label 14147"
  14151   154  205   50        1  1  1    "Label 14151"
  14155     0  250  154        1  1  1    "Label 14155"
  22718   175  238  238        1  1  1    "Label 22718"
  22722   139    0    0        1  1  1    "Label 22722"
  22726   119  136  153        1  1  1    "Label 22726"
  22730   199   21  133        1  1  1    "Label 22730"
  22734   230  230  250        1  1  1    "Label 22734"
  22738   153   50  204        1  1  1    "Label 22738"
  22742     0  128    0        1  1  1    "Label 22742"
  22746   138   43  226        1  1  1    "Label 22746"
  22750   160   82   45        1  1  1    "Label 22750"
  28823     0  191  255        1  1  1    "Label 28823"
  28827    72   61  139        1  1  1    "Label 28827"
  28831   255  240  245        1  1  1    "Label 28831"
  28835   216  191  216        1  1  1    "Label 28835"
  28839   255    0  255        1  1  1    "Label 28839"
  34184   224  255  255        1  1  1    "Label 34184"
  34188   240  128  128        1  1  1    "Label 34188"
  38059   128  128    0        1  1  1    "Label 38059"
  38063   240  255  255        1  1  1    "Label 38063"
  41536   127  255  212        1  1  1    "Label 41536"
  41540   253  245  230        1  1  1    "Label 41540"
  41544   128    0  128        1  1  1    "Label 41544"
  43750   253  245  230        1  1  1    "Label 43750"
  43788    72  209  204        1  1  1    "Label 43788"
  43792   189  183  107        1  1  1    "Label 43792"
  43796    85  107   47        1  1  1    "Label 43796"
  43800   250  250  210        1  1  1    "Label 43800"
  43804   224  255  255        1  1  1    "Label 43804"
  43808   240  128  128        1  1  1    "Label 43808"
  44758    70  130  180        1  1  1    "Label 44758"
  44762   240  255  240        1  1  1    "Label 44762"
  44766   255   20  147        1  1  1    "Label 44766"
  44770   248  248  255        1  1  1    "Label 44770"
  44774   173  255   47        1  1  1    "Label 44774"
  44778   128    0    0        1  1  1    "Label 44778"
  44786   127  255  212        1  1  1    "Label 44786"
  44790   253  245  230        1  1  1    "Label 44790"
  44794   128    0  128        1  1  1    "Label 44794"
  44798   178   34   34        1  1  1    "Label 44798"
  44802   240  230  140        1  1  1    "Label 44802"
  44806   135  206  250        1  1  1    "Label 44806"
  44812   255  222  173        1  1  1    "Label 44812"
  44816    47   79   79        1  1  1    "Label 44816"
  44820   176  224  230        1  1  1    "Label 44820"
  44824   255  215    0        1  1  1    "Label 44824"
  44828    72  209  204        1  1  1    "Label 44828"
  44832   189  183  107        1  1  1    "Label 44832"
  44840   250  250  210        1  1  1    "Label 44840"
  44844   224  255  255        1  1  1    "Label 44844"
  44848   240  128  128        1  1  1    "Label 44848"
  44852     0  255    0        1  1  1    "Label 44852"
  44856   255    0  255        1  1  1    "Label 44856"
  44860   210  180  140        1  1  1    "Label 44860"
  50077   255  228  196        1  1  1    "Label 50077"
  50081   255  105  180        1  1  1    "Label 50081"
  50085   139   69   19        1  1  1    "Label 50085"
  50089     0  100    0        1  1  1    "Label 50089"
  50093   245  222  179        1  1  1    "Label 50093"
  50097    25   25  112        1  1  1    "Label 50097"
  52143     0  139  139        1  1  1    "Label 52143"
  52151   147  112  219        1  1  1    "Label 52151"
  52155    60  179  113        1  1  1    "Label 52155"
  54277   255  140    0        1  1  1    "Label 54277"
